-5.10894
0.984977
-10.5096
-7.03324
-0.461231
-7.53973
-5.56997
-3.15869
-5.25439
-7.07365
-5.45278
-2.65105
-4.82687
-6.30881
0.320928
-5.09506
-8.59596
3.38649
-4.30224
-7.27152
6.84674
-2.64423
-9.03525
9.60812
-4.17801
-8.7914
12.645
-4.53852
-9.46706
14.0978
-3.45821
-7.16488
13.7848
-2.74533
-4.68726
12.5676
-2.28162
-3.88128
11.209
-0.273048
-3.39847
8.18484
-1.17927
-4.78591
4.76835
0.488168
-8.17516
4.49704
-0.36504
-9.59026
1.04718
-1.70639
-7.80583
-2.06443
-3.74789
-8.68146
-5.17869
-2.58592
-8.20249
-8.77405
-4.51964
-4.93727
-9.32426
